
10 
4 
4 10 
4 10 
4 10 
4 10 7 
4 10 7 5 
4 10 7 5 7 
4 10 7 5 7 
4 10 7 5 7 4 
4 10 7 5 7 4 
4 10 7 5 7 4 
4 10 7 5 7 4 6 
4 10 7 5 7 4 3 
4 10 7 5 7 4 3 
4 10 7 5 7 4 3 
4 10 7 6 7 4 3 
4 10 7 6 7 4 3 3 
4 10 7 6 7 4 3 3 
4 10 7 6 7 4 3 3 
4 10 7 6 7 4 3 3 5 
4 10 7 6 7 4 3 3 5 
4 10 7 6 7 4 3 3 5 
4 10 7 6 7 4 3 3 8 
4 10 7 6 7 4 3 3 8 10 
4 10 7 6 7 4 3 3 8 10 
10 10 7 6 7 10 3 3 8 10 
10 10 7 6 7 10 3 3 8 10 6 
10 10 7 6 7 10 3 3 8 10 6 
10 10 7 6 7 10 3 3 8 10 6 8 
10 10 7 6 7 10 3 3 8 10 6 8 4 
10 10 7 6 7 10 3 3 8 10 6 8 4 
10 10 7 6 7 10 3 3 8 10 6 8 4 9 
10 10 7 6 7 10 3 3 8 10 6 8 4 9 2 
10 10 7 6 7 10 3 3 8 10 6 8 4 9 2 7 
10 10 7 6 7 10 4 4 8 10 6 8 4 9 2 7 
10 10 7 6 7 10 4 4 8 10 6 8 4 9 2 7 8 
10 10 7 6 7 10 4 4 8 10 6 8 4 9 2 7 8 1 
10 10 7 6 7 10 5 5 8 10 6 8 5 9 2 7 8 1 
10 10 7 6 7 10 5 5 8 10 6 8 5 9 2 7 8 1 
10 10 7 6 7 10 5 5 8 10 6 8 5 9 2 7 8 1 
10 10 7 6 7 10 5 5 8 10 6 8 5 9 6 7 8 1 
10 10 7 6 7 10 5 5 8 10 6 8 5 9 6 7 8 1 2 
10 10 7 6 7 10 5 5 8 10 6 8 5 9 6 7 8 1 2 7 
10 10 7 6 7 10 5 5 8 10 6 8 5 9 6 7 8 1 4 7 
10 10 7 6 7 10 5 5 8 10 6 8 5 9 6 7 8 1 4 7 
10 10 7 6 7 10 5 5 8 10 6 8 5 9 6 7 8 2 4 7 
10 10 7 6 7 10 5 5 8 10 6 8 5 9 6 7 8 2 4 7 1 
10 10 7 6 7 10 5 5 8 10 6 8 5 9 6 7 8 2 4 7 1 4 
